1.3470814
1.3885187
1.4499777
1.5749918
1.5756728
1.6364029
1.6365913
1.63677
1.6383246
1.6971526
1.7591691
1.8225757
1.8230554
1.8845994
1.9455696
1.9470204
2.0234391
2.0236121
2.0237309
2.0238483
2.1027904
2.1029374
2.1030657
2.1784398
2.1785883
2.1787175
2.255582
2.2557407
2.333285
2.3334409
2.4117954
2.4122089
2.4124266
2.4125366
2.4126354
2.4900443
2.4912701
2.4918593
2.4920296
2.4921698
2.4922716
2.5667638
2.5669224
2.5675858
2.5678242
2.5679257
2.6462025
1.8761119
2.9546672
2.0320273
2.0329595
3.108491
3.1089162
3.1878141
2.1882919
2.2652007
2.2653377
2.2663598
3.2672573
1.2673489
2.3424404
3.3426207
3.3427181
3.3435403
2.3436211
1.4199437
3.4200651
1.4972115
2.4973074
2.4979327
2.5759273
3.5760353
1.5761268
2.5762113
3.5762976
2.6554375
1.6555314
1.7097951
2.7560695
2.7735112
1.9090852
2.9577613
2.9672671
1.9801101
2.0009186
4.0024434
3.0148491
2.0206836
2.0339943
2.0471031
2.0571474
2.0667346
2.0840362
2.1236119
2.2243845
2.239847
4.2761676
4.3216046
2.3229067
2.3400945
2.35564
4.365353
2.3780926
1.3903023
2.4014388
3.4148436
2.4156586
3.4473467
3.4831112
3.5018802
2.5442986
1.5466563
3.5772982
1.5823703
2.6175239
3.6267722
3.6344459
2.6935224
1.7540567
2.7755703
2.8515233
2.8771113
1.8855949
2.8969039
1.9421492
0.9474079
2.9607183
1.9735855
1.9777703
2.0469635
2.0611496
2.0933029
5.1267662
4.1921022
2.2308423
2.2333679
5.2805091
5.2806529
1.2859798
2.298038
2.3148784
3.3563679
3.3700363
2.3784257
3.3890392
3.3935169
2.4292954
1.4308257
3.4570339
3.4748988
2.4959267
1.4999828
2.5059714
5.5478923
2.5744053
5.5808027
2.6080917
5.6303027
3.6721124
2.7110686
2.7540691
1.7723527
1.8084112
2.8101731
2.8273547
2.8309426
2.8493481
2.8670871
2.8918084
3.9335753
2.9414479
2.9745814
2.9841907
3.9862994
1.9884166
3.9922181
1.9939077
2.0104256
1.0488508
1.0665905
2.1048353
2.1153135
2.1546171
1.2561518
2.2636439
1.346494
3.416981
2.4412442
4.4734552
2.5181167
1.5476249
2.5547033
2.643086
2.7135582
2.7150948
6.7630638
2.7825868
6.8859066
0.9209679
3.9904046
5.9931138
2.0043122
2.0043136
1.0146811
2.1355486
1.152334
3.156654
5.2328129
4.2338067
7.302728
4.3423814
2.3546046
3.3662621
1.3935591
2.4684021
1.4997463
1.5350069
5.5369444
3.6143337
2.7356887
1.7516345
5.7540934
1.7721936
2.8037237
2.8604434
2.9030665
5.2166022
3.2592456
6.2884973
7.3360719
3.3614889
4.4112408
2.4538346
4.4852447
5.6208489
6.6668489
2.8024359
1.8143068
4.9501931
1.9527211
5.2238298
3.230382
4.2958318
5.3795064
1.405253
1.6672169
9.813343
1.506469
4.0776621
4.2820096
