1.5624945
1.7606007
1.873767
1.8841626
2.1004381
1.1007346
2.2048294
2.8798346
2.8822049
3.0106794
3.1415102
3.146177
3.2726852
3.2728648
3.4109914
3.7224455
3.7228422
3.7285567
1.9017387
2.9023082
3.0415307
3.041955
4.0422732
4.0836007
2.0842254
4.0845434
3.1139497
4.3109989
2.3428605
2.4311824
2.9385189
3.938568
2.9385785
1.0120351
2.1862947
5.2191209
1.2252413
3.2958178
2.4210073
4.4674579
4.5456324
2.5617311
5.6079146
4.8498116
2.849927
2.923576
3.003896
2.113293
3.2372245
4.2372341
2.3168686
2.3173464
3.3622385
4.5549934
4.6929272
3.7410374
3.7718947
2.8185942
3.8507964
3.960453
5.9925101
3.1624038
7.2557544
7.3667967
6.4588725
3.536829
4.5834502
7.6460269
4.7551228
6.8970214
4.927969
6.6224127
8.96017
6.4432484
7.4779626
8.4779865
7.955951
9.8443226
1.892421
2.2154875
2.4398655
2.4868402
12.5485784
3.1557914
3.3820186
3.3974162
3.8451922
4.0476979
11.563185
12.1784132
14.5799309
2.0708334
2.3028944
2.5721238
3.1184112
3.444132
3.5708877
3.948621
8.445428
14.7407848
